[16, 19, 21, 24, 21] = true
[15, 18, 19, 22, 24, 25, 25] = true
[80, 81, 83, 84, 87, 89, 93] = true
[6, 7, 8, 9, 10, 13, 18] = true
[60, 62, 61, 64, 66, 67] = true
[76, 79, 81, 84, 82, 80] = true
[70, 73, 72, 74, 74] = true
[67, 68, 71, 74, 73, 77] = true
[56, 57, 60, 59, 61, 64, 67, 74] = true
[37, 38, 39, 40, 40, 43] = true
[90, 92, 95, 95, 96, 97, 94] = true
[80, 83, 86, 86, 86] = true
[44, 47, 49, 49, 51, 54, 58] = true
[69, 71, 74, 74, 81] = true
[66, 68, 72, 75, 77] = false
[34, 35, 39, 41, 38] = false
[58, 60, 63, 67, 70, 72, 72] = false
[43, 46, 47, 51, 52, 53, 56, 60] = false
[35, 36, 37, 41, 44, 50] = false
[63, 64, 67, 69, 71, 72, 78, 80] = false
[19, 22, 23, 30, 28] = false
[20, 21, 24, 30, 30] = false
[75, 78, 80, 83, 90, 91, 95] = false
[16, 17, 20, 22, 23, 29, 31, 36] = false
[22, 21, 24, 26, 28] = false
[87, 84, 87, 88, 86] = false
[48, 46, 48, 51, 51] = false
[40, 37, 40, 43, 44, 48] = false
[77, 75, 78, 79, 81, 84, 86, 91] = false
[43, 41, 40, 42, 44] = false
[32, 30, 31, 32, 35, 32, 29] = false
[87, 84, 81, 83, 83] = true
[43, 41, 44, 47, 48, 45, 49] = false
[49, 48, 51, 53, 54, 57, 54, 61] = false
[68, 66, 69, 69, 72, 75, 77] = false
[9, 7, 8, 10, 10, 12, 11] = false
[77, 74, 77, 77, 77] = false
[5, 2, 4, 4, 8] = false
[34, 33, 36, 36, 42] = false
[11, 9, 13, 15, 18, 21] = false
[22, 21, 22, 23, 27, 24] = false
[68, 67, 70, 74, 77, 80, 82, 82] = false
[87, 86, 87, 91, 95] = false
[26, 23, 27, 28, 30, 35] = false
[23, 20, 21, 28, 31] = false
[85, 83, 89, 92, 95, 96, 94] = false
[32, 31, 38, 40, 40] = false
[40, 38, 40, 41, 43, 49, 51, 55] = false
[22, 19, 21, 23, 29, 35] = false
[86, 86, 89, 91, 94, 96, 98] = false
[72, 72, 73, 75, 77, 78, 76] = false
[42, 42, 45, 48, 49, 49] = false
[41, 41, 43, 46, 48, 49, 53] = false
[35, 35, 37, 39, 41, 43, 48] = false
[85, 85, 86, 83, 86, 87, 88, 91] = false
[20, 20, 19, 20, 21, 20] = false
[13, 13, 14, 13, 15, 18, 18] = false
[48, 48, 50, 48, 50, 54] = false
[26, 26, 23, 25, 30] = false
[62, 62, 64, 66, 66, 67] = false
[31, 31, 32, 34, 35, 35, 38, 37] = false
[11, 11, 14, 14, 14] = false
[6, 6, 9, 12, 12, 13, 14, 18] = false
[5, 5, 5, 7, 9, 14] = false
[87, 87, 91, 92, 95, 96, 99] = false
[61, 61, 65, 67, 64] = false
[77, 77, 78, 82, 85, 85] = false
[48, 48, 52, 53, 57] = false
[69, 69, 70, 74, 81] = false
[29, 29, 30, 32, 35, 37, 44, 46] = false
[52, 52, 54, 56, 57, 63, 64, 62] = false
[42, 42, 45, 47, 48, 51, 57, 57] = false
[57, 57, 60, 65, 69] = false
[28, 28, 33, 34, 36, 38, 44] = false
[41, 45, 48, 50, 52, 55, 58] = false
[79, 83, 84, 85, 86, 83] = false
[69, 73, 74, 77, 79, 81, 81] = false
[14, 18, 21, 22, 24, 28] = false
[26, 30, 33, 36, 43] = false
[8, 12, 13, 12, 14, 16, 17] = false
[84, 88, 91, 92, 89, 92, 94, 92] = false
[30, 34, 32, 34, 37, 37] = false
[3, 7, 5, 6, 9, 10, 14] = false
[31, 35, 37, 35, 36, 39, 45] = false
[59, 63, 65, 66, 67, 67, 68] = false
[13, 17, 18, 21, 21, 18] = false
[72, 76, 78, 79, 82, 82, 82] = false
[4, 8, 9, 9, 10, 13, 14, 18] = false
[42, 46, 49, 49, 52, 57] = false
[17, 21, 24, 28, 29] = false
[64, 68, 69, 73, 75, 78, 77] = false
[57, 61, 63, 67, 67] = false
[11, 15, 19, 22, 26] = false
[78, 82, 83, 87, 94] = false
[34, 38, 45, 47, 48, 49, 52] = false
[44, 48, 55, 56, 55] = false
[45, 49, 52, 57, 59, 60, 63, 63] = false
[48, 52, 55, 62, 66] = false
[14, 18, 20, 27, 34] = false
[9, 15, 18, 20, 23, 25] = false
[4, 10, 11, 12, 14, 17, 18, 16] = false
[4, 10, 12, 13, 15, 17, 17] = false
[18, 23, 24, 25, 27, 31] = false
[27, 33, 35, 37, 40, 42, 47] = false
[16, 22, 24, 21, 22, 25, 27] = false
[42, 49, 52, 49, 47] = false
[39, 44, 45, 43, 44, 46, 49, 49] = false
[29, 36, 39, 42, 45, 46, 43, 47] = false
[37, 42, 43, 42, 45, 48, 53] = false
[54, 60, 63, 63, 65] = false
[66, 71, 73, 76, 76, 79, 77] = false
[56, 62, 62, 64, 66, 66] = false
[69, 76, 79, 82, 83, 83, 87] = false
[77, 84, 84, 87, 93] = false
[76, 81, 85, 87, 89, 91, 94] = false
[70, 77, 81, 82, 85, 87, 89, 87] = false
[14, 20, 22, 26, 28, 28] = false
[56, 61, 65, 68, 72] = false
[78, 85, 86, 90, 95] = false
[22, 29, 30, 36, 39, 40, 42, 44] = false
[18, 25, 27, 28, 35, 38, 39, 38] = false
[15, 21, 24, 25, 27, 34, 34] = false
[21, 26, 27, 33, 36, 40] = false
[42, 48, 49, 51, 52, 57, 64] = false
[97, 96, 94, 91, 88, 89] = true
[74, 71, 68, 67, 66, 66] = true
[67, 64, 61, 58, 57, 53] = true
[63, 61, 60, 57, 54, 52, 51, 44] = true
[41, 40, 37, 35, 34, 35, 33] = false
[53, 50, 52, 51, 52] = true
[31, 28, 25, 24, 23, 20, 22, 22] = true
[25, 24, 27, 25, 24, 21, 18, 14] = false
[82, 80, 78, 81, 78, 76, 70] = false
[36, 33, 32, 31, 31, 30] = true
[66, 65, 65, 64, 63, 61, 59, 61] = true
[82, 79, 79, 76, 75, 72, 72] = true
[94, 92, 90, 90, 87, 85, 81] = true
[22, 19, 19, 18, 13] = true
[39, 38, 35, 34, 31, 29, 25, 24] = false
[72, 70, 67, 63, 62, 59, 58, 59] = false
[28, 26, 23, 19, 19] = false
[24, 22, 20, 16, 13, 10, 9, 5] = false
[63, 62, 58, 57, 52] = false
[27, 25, 23, 21, 16, 14, 13, 11] = false
[76, 74, 72, 65, 64, 65] = false
[25, 23, 17, 14, 14] = false
[78, 77, 76, 69, 68, 67, 64, 60] = false
[78, 76, 70, 68, 66, 65, 63, 58] = false
[63, 66, 64, 63, 62, 61, 60, 57] = false
[61, 63, 60, 57, 54, 53, 56] = false
[90, 92, 89, 88, 85, 83, 82, 82] = false
[41, 42, 39, 38, 36, 35, 33, 29] = false
[15, 17, 15, 12, 11, 9, 3] = false
[77, 79, 78, 77, 80, 79, 76] = false
[43, 46, 44, 45, 44, 41, 42] = false
[27, 30, 33, 32, 32] = true
[18, 19, 16, 13, 16, 12] = false
[16, 17, 14, 12, 10, 8, 11, 6] = false
[77, 80, 80, 78, 75] = false
[31, 34, 34, 32, 34] = false
[3, 6, 5, 5, 2, 2] = false
[76, 78, 75, 72, 69, 69, 65] = false
[43, 45, 43, 43, 41, 35] = false
[36, 39, 38, 35, 33, 29, 28] = false
[81, 84, 81, 77, 75, 78] = false
[40, 42, 38, 36, 33, 32, 29, 29] = false
[29, 31, 29, 28, 25, 24, 20, 16] = false
[80, 82, 79, 76, 75, 71, 69, 63] = false
[49, 52, 50, 47, 46, 41, 39] = false
[78, 79, 78, 77, 72, 69, 66, 67] = false
[12, 13, 11, 5, 5] = false
[12, 15, 14, 9, 8, 7, 6, 2] = false
[44, 46, 45, 43, 38, 36, 30] = false
[61, 61, 58, 56, 53, 52, 50, 47] = false
[35, 35, 32, 31, 28, 30] = false
[46, 46, 44, 42, 42] = false
[80, 80, 77, 76, 72] = false
[63, 63, 60, 59, 56, 55, 49] = false
[77, 77, 80, 78, 75, 73] = false
[52, 52, 51, 52, 53] = false
[12, 12, 11, 9, 10, 10] = false
[60, 60, 63, 61, 58, 54] = false
[67, 67, 69, 67, 62] = false
[95, 95, 93, 93, 92, 91] = false
[53, 53, 52, 52, 51, 48, 51] = false
[67, 67, 67, 66, 63, 63] = false
[11, 11, 10, 7, 7, 3] = false
[26, 26, 23, 21, 20, 20, 13] = false
[80, 80, 78, 74, 73, 72, 70, 67] = false
[54, 54, 53, 49, 52] = false
[63, 63, 62, 59, 55, 53, 53] = false
[61, 61, 57, 55, 51] = false
[69, 69, 68, 66, 62, 55] = false
[85, 85, 82, 75, 74, 73, 72] = false
[47, 47, 42, 40, 39, 37, 34, 36] = false
[60, 60, 59, 58, 55, 52, 47, 47] = false
[77, 77, 75, 69, 68, 64] = false
[53, 53, 52, 45, 44, 43, 36] = false
[43, 39, 36, 33, 30, 29, 26, 23] = false
[65, 61, 60, 57, 54, 56] = false
[55, 51, 48, 47, 45, 42, 42] = false
[52, 48, 47, 45, 43, 41, 37] = false
[29, 25, 24, 23, 22, 17] = false
[38, 34, 37, 35, 32, 29, 28, 26] = false
[24, 20, 19, 17, 15, 14, 17, 20] = false
[33, 29, 28, 25, 26, 26] = false
[38, 34, 35, 32, 31, 27] = false
[33, 29, 27, 24, 23, 24, 23, 17] = false
[36, 32, 32, 31, 29, 26] = false
[13, 9, 8, 5, 3, 1, 1, 4] = false
[6, 2, 1, 1, 1] = false
[78, 74, 73, 72, 72, 70, 69, 65] = false
[44, 40, 40, 37, 30] = false
[41, 37, 33, 30, 28] = false
[88, 84, 83, 79, 78, 75, 73, 74] = false
[12, 8, 4, 2, 1, 1] = false
[65, 61, 57, 54, 50] = false
[85, 81, 77, 74, 68] = false
[76, 72, 66, 64, 62] = false
[97, 93, 90, 87, 81, 84] = false
[64, 60, 53, 51, 48, 48] = false
[56, 52, 50, 45, 43, 39] = false
[56, 52, 49, 43, 40, 39, 36, 30] = false
[60, 53, 51, 50, 48] = false
[36, 31, 29, 26, 25, 24, 26] = false
[55, 50, 48, 47, 44, 42, 41, 41] = false
[90, 85, 83, 81, 77] = false
[89, 82, 80, 77, 70] = false
[56, 49, 52, 49, 47] = false
[9, 3, 5, 3, 6] = false
[9, 4, 5, 4, 4] = false
[18, 12, 14, 12, 8] = false
[66, 59, 58, 56, 53, 54, 49] = false
[97, 90, 88, 87, 84, 82, 82, 80] = false
[60, 55, 53, 52, 52, 54] = false
[12, 5, 5, 4, 4] = false
[26, 19, 19, 16, 15, 11] = false
[68, 62, 60, 57, 56, 56, 54, 47] = false
[59, 52, 48, 46, 45, 42] = false
[21, 16, 12, 9, 12] = false
[99, 92, 91, 88, 84, 81, 81] = false
[58, 52, 49, 45, 43, 42, 38] = false
[48, 41, 38, 36, 35, 34, 30, 23] = false
[31, 26, 24, 18, 15, 13] = false
[18, 13, 11, 6, 8] = false
[99, 93, 88, 85, 84, 84] = false
[85, 78, 75, 73, 68, 64] = false
[86, 81, 75, 72, 66] = false
[5, 9, 7, 9, 6] = false
[22, 26, 29, 32, 29, 31, 34, 34] = false
[22, 29, 30, 32, 34, 39, 45] = false
[52, 45, 43, 41, 40, 37, 32, 34] = false
[30, 32, 34, 39, 43] = false
[11, 16, 18, 22, 22] = false
[68, 72, 75, 76, 79, 82, 86, 85] = false
[69, 74, 76, 80, 84] = false
[65, 65, 63, 61, 57, 55, 53, 48] = false
[26, 25, 20, 17, 15, 12, 9] = false
[27, 29, 28, 23, 21, 16] = false
[49, 53, 54, 57, 59, 62, 66] = false
[72, 72, 73, 80, 82, 85] = false
[44, 47, 49, 50, 54, 55, 57, 57] = false
[20, 19, 17, 19, 21] = false
[18, 18, 22, 24, 26, 29, 31, 32] = false
[48, 52, 54, 54, 56, 56] = false
[72, 76, 79, 78, 84] = false
[64, 60, 57, 53, 48] = false
[48, 44, 42, 40, 37, 33, 32, 35] = false
[52, 52, 48, 45, 44, 41, 38, 40] = false
[70, 76, 78, 80, 80, 87] = false
[55, 54, 52, 48, 44] = false
[39, 38, 32, 31, 30, 28, 22] = false
[8, 8, 5, 1, 1] = false
[43, 48, 50, 53, 57] = false
[29, 32, 29, 27, 28, 26, 27] = false
[44, 49, 51, 53, 60, 61, 65] = false
[16, 17, 10, 8, 8] = false
[36, 31, 28, 25, 22, 20, 20, 17] = false
[61, 54, 51, 44, 42, 39, 35] = false
[96, 90, 88, 84, 83, 80, 79] = false
[55, 58, 57, 53, 50, 50] = false
[41, 46, 48, 50, 48, 54] = false
[7, 11, 12, 14, 14, 17, 23] = false
[79, 82, 81, 77, 74, 77] = false
[34, 28, 24, 21, 22] = false
[77, 81, 84, 86, 87, 90, 94, 94] = false
[67, 74, 77, 79, 80, 83, 87, 90] = false
[94, 90, 89, 84, 80] = false
[65, 64, 63, 60, 60] = true
[40, 44, 47, 48, 52, 53, 55] = false
[35, 35, 34, 33, 32, 29, 27, 29] = false
[75, 82, 85, 88, 90, 89, 88] = false
[92, 88, 88, 87, 86, 83, 80] = false
[99, 92, 91, 86, 84] = false
[11, 9, 6, 2, 5] = false
[57, 57, 50, 48, 44] = false
[21, 18, 19, 23, 28] = false
[30, 33, 31, 31, 30, 27, 23] = false
[22, 22, 22, 19, 14] = false
[61, 57, 54, 54, 52, 45] = false
[81, 81, 84, 82, 80] = false
[93, 93, 90, 88, 91, 90, 87, 83] = false
[29, 36, 40, 41, 47] = false
[84, 83, 84, 86, 86, 88] = false
[33, 37, 38, 45, 52] = false
[56, 60, 64, 65, 66, 67, 71] = false
[98, 98, 97, 96, 96, 94, 94] = false
[96, 89, 86, 84, 77, 74, 68] = false
[51, 45, 44, 43, 36, 36] = false
[66, 63, 70, 73, 79] = false
[84, 79, 76, 74, 71, 71, 70, 70] = false
[27, 23, 22, 19, 14, 13, 10, 5] = false
[91, 84, 83, 82, 80, 76] = false
[13, 14, 17, 20, 21, 26, 26] = false
[96, 97, 96, 93, 89, 88, 86] = false
[39, 45, 46, 43, 44, 45] = false
[87, 80, 76, 75, 72, 72] = false
[86, 88, 89, 90, 92, 93, 92, 91] = false
[45, 45, 48, 50, 57, 54] = false
[65, 63, 65, 67, 70, 67] = false
[38, 34, 32, 32, 30, 27, 25, 21] = false
[17, 21, 23, 20, 22, 23, 26, 28] = false
[65, 66, 71, 74, 75] = false
[6, 6, 9, 12, 15, 18, 22] = false
[76, 78, 76, 78, 80, 81, 88] = false
[32, 25, 24, 22, 21, 21] = false
[49, 50, 52, 54, 54, 56, 59, 59] = true
[16, 13, 16, 19, 20, 27, 29] = false
[71, 71, 73, 71, 70] = false
[75, 69, 66, 66, 65, 58] = false
[58, 55, 57, 60, 61, 64, 66, 73] = false
[52, 53, 53, 51, 48, 47, 44] = false
[28, 21, 19, 17, 15, 11, 7] = false
[57, 60, 61, 64, 61, 63, 65, 69] = false
[8, 5, 8, 9, 10, 14] = false
[65, 58, 56, 56, 53, 51, 54] = false
[68, 67, 69, 76, 80] = false
[21, 21, 21, 18, 17, 14, 12, 8] = false
[67, 66, 68, 66, 63, 60, 54] = false
[26, 27, 25, 20, 19, 17, 14, 16] = false
[31, 30, 33, 34, 34] = false
[53, 55, 59, 62, 60] = false
[96, 92, 95, 93, 90, 89, 83] = false
[13, 18, 20, 23, 26, 25, 29] = false
[36, 36, 36, 35, 36] = false
[61, 61, 58, 56, 52, 49, 46] = false
[38, 35, 38, 41, 38, 40, 39] = false
[11, 14, 13, 10, 8, 2] = false
[11, 14, 15, 21, 18] = false
[50, 53, 53, 51, 48, 47, 47] = false
[27, 25, 23, 25, 23, 26] = false
[48, 48, 45, 44, 45, 42, 45] = false
[66, 62, 61, 59, 54, 51, 53] = false
[6, 6, 8, 5, 7, 8, 9, 14] = false
[67, 67, 65, 68, 69, 72, 72] = false
[66, 64, 65, 66, 73, 70] = false
[94, 92, 94, 95, 97, 99] = false
[90, 89, 86, 85, 84, 82, 82, 78] = true
[77, 77, 81, 84, 87, 87] = false
[31, 36, 38, 36, 39, 41, 42, 42] = false
[73, 69, 68, 67, 68, 66, 66] = false
[14, 12, 11, 10, 7, 4, 6, 6] = true
[29, 25, 23, 22, 19, 17, 16, 10] = false
[80, 81, 80, 78, 79, 79] = false
[9, 7, 7, 9, 10, 7] = false
[88, 84, 81, 79, 79, 79] = false
[27, 28, 29, 32, 33, 35, 38, 42] = true
[13, 11, 8, 8, 6, 5, 8] = true
[30, 37, 44, 47, 48] = false
[53, 54, 61, 62, 65, 68, 74] = false
[54, 54, 51, 44, 41, 38, 35, 35] = false
[38, 38, 35, 30, 28, 25, 28] = false
[83, 90, 93, 96, 94] = false
[70, 74, 75, 77, 80, 81, 82] = false
[71, 74, 71, 70, 68, 67, 68] = false
[35, 35, 33, 36, 39, 41, 45] = false
[32, 29, 27, 23, 23] = false
[45, 49, 51, 53, 56, 61, 61] = false
[20, 20, 18, 19, 13] = false
[64, 60, 58, 55, 52] = false
[2, 2, 2, 5, 6, 10] = false
[68, 69, 67, 65, 63, 63] = false
[67, 71, 74, 76, 79, 79] = false
[42, 37, 34, 32, 31, 29, 28, 26] = false
[24, 28, 31, 35, 37, 40, 42, 49] = false
[79, 77, 80, 80, 80] = false
[58, 51, 50, 50, 47, 46, 42] = false
[23, 28, 35, 37, 40, 43, 43] = false
[26, 30, 31, 33, 32, 35, 39] = false
[53, 55, 58, 58, 62] = true
[88, 82, 80, 78, 75, 77, 75] = false
[70, 68, 69, 70, 70, 72, 79] = false
[27, 29, 31, 31, 34, 36, 38, 39] = true
[3, 4, 5, 6, 7, 9, 9, 15] = true
[46, 45, 41, 38, 37, 31] = false
[51, 52, 52, 55, 56, 59, 56] = true
[69, 68, 69, 73, 73] = false
[78, 84, 86, 86, 88, 89, 93] = false
[14, 7, 9, 8, 6, 3, 6] = false
[28, 26, 24, 22, 19, 16, 15, 11] = true
[86, 86, 81, 78, 75, 74] = false
[50, 43, 39, 37, 35, 30] = false
[54, 60, 64, 65, 66, 63] = false
[54, 54, 51, 48, 45] = false
[74, 74, 74, 77, 80, 81, 82, 81] = false
[21, 21, 18, 14, 11, 9, 5] = false
[49, 54, 55, 57, 57] = false
[79, 78, 77, 75, 74, 71, 70, 64] = true
[15, 15, 18, 20, 22] = false
[98, 91, 90, 89, 87, 86, 89, 83] = false
[95, 91, 90, 86, 83] = false
[69, 67, 71, 73, 76, 80] = false
[57, 57, 55, 52, 52] = false
[74, 74, 75, 78, 82, 79] = false
[47, 43, 45, 43, 41, 40, 38, 39] = false
[70, 74, 76, 78, 79, 79, 83] = false
[88, 88, 90, 93, 94, 93] = false
[83, 83, 85, 86, 86] = false
[55, 56, 57, 58, 62, 64, 67, 68] = false
[86, 86, 91, 94, 94] = false
[75, 76, 77, 74, 77, 80, 83, 86] = false
[51, 58, 58, 61, 64, 67, 68, 68] = false
[67, 63, 62, 61, 59, 56, 54, 50] = false
[97, 91, 89, 88, 87, 86, 79] = false
[54, 47, 45, 48, 47, 44, 42, 38] = false
[22, 19, 22, 19, 20, 22, 26] = false
[29, 26, 24, 23, 20, 13, 11, 11] = false
[3, 3, 4, 6, 10, 16] = false
[52, 56, 57, 62, 66] = false
[94, 96, 96, 93, 88] = false
[70, 70, 70, 73, 76, 79, 79] = false
[36, 35, 38, 37, 36, 33, 31] = false
[31, 31, 32, 35, 36, 41] = false
[17, 14, 12, 11, 8, 6, 9, 5] = false
[96, 92, 91, 84, 81, 81] = false
[76, 72, 68, 66, 65, 65] = false
[1, 4, 6, 7, 11, 12, 16] = false
[57, 52, 51, 50, 52, 51, 51] = false
[1, 5, 6, 7, 9, 12, 15, 14] = false
[66, 66, 69, 68, 70] = false
[47, 43, 42, 35, 33] = false
[59, 57, 59, 64, 65, 67, 67] = false
[19, 19, 19, 21, 24, 26, 28] = false
[51, 51, 49, 47, 40] = false
[52, 50, 47, 47, 47] = true
[92, 89, 89, 86, 81] = true
[34, 30, 33, 32, 29, 25] = false
[6, 10, 13, 14, 15, 20] = false
[51, 47, 46, 44, 40, 37, 36, 32] = false
[62, 58, 58, 56, 53, 50, 52] = false
[26, 26, 24, 23, 20, 19, 15] = false
[36, 34, 33, 32, 25, 24, 23, 26] = false
[53, 54, 55, 56, 56] = true
[29, 29, 30, 27, 25, 25] = false
[70, 75, 77, 79, 85] = false
[18, 18, 16, 16, 13, 10] = false
[80, 85, 87, 90, 91, 94] = false
[56, 59, 56, 56, 54, 52, 55] = false
[22, 18, 20, 18, 17, 16] = false
[12, 10, 11, 14, 18, 20, 21, 22] = false
[94, 96, 93, 86, 85, 83] = false
[54, 56, 54, 52, 51, 53, 51, 49] = false
[72, 75, 71, 69, 66, 64, 58] = false
[41, 45, 46, 47, 54, 56, 59] = false
[71, 71, 75, 77, 81] = false
[14, 17, 16, 13, 15, 11] = false
[4, 4, 9, 10, 12, 16] = false
[71, 72, 73, 76, 79, 76] = true
[67, 69, 66, 67, 65, 58] = false
[32, 34, 31, 30, 29, 28, 25, 23] = false
[38, 35, 35, 33, 30] = true
[48, 49, 52, 55, 58, 59, 62, 67] = true
[45, 51, 52, 52, 54] = false
[28, 34, 36, 38, 38, 36] = false
[12, 15, 11, 9, 5] = false
[36, 33, 36, 37, 41, 43, 46, 43] = false
[91, 90, 86, 83, 80, 77] = false
[48, 55, 61, 63, 64, 66, 65] = false
[55, 55, 56, 56, 62] = false
[64, 64, 59, 58, 57, 56, 50] = false
[16, 13, 11, 10, 7, 5, 8] = true
[26, 26, 31, 32, 34, 41] = false
[58, 57, 50, 48, 46, 42] = false
[23, 19, 18, 16, 17] = false
[15, 18, 21, 24, 27, 29, 32] = true
[63, 60, 57, 55, 54, 52, 51] = true
[84, 82, 80, 77, 76, 75] = true
[40, 42, 44, 46, 48, 51, 53] = true
[91, 89, 86, 84, 81] = true
[37, 40, 41, 42, 45, 46, 49, 52] = true
[90, 87, 85, 84, 83, 81, 78, 76] = true
[9, 10, 11, 13, 14, 16] = true
[35, 34, 31, 28, 26, 24, 22, 21] = true
[96, 95, 93, 90, 87, 86] = true
[45, 46, 49, 52, 53, 55, 57] = true
[54, 56, 58, 61, 62] = true
[44, 47, 48, 50, 53] = true
[79, 81, 82, 83, 86, 87] = true
[15, 17, 18, 19, 22, 25, 26, 27] = true
[26, 29, 30, 33, 35] = true
[90, 89, 87, 86, 85, 83, 80] = true
[79, 80, 82, 83, 84] = true
[42, 45, 47, 49, 50] = true
[89, 88, 87, 86, 83, 82, 80] = true
[22, 23, 24, 26, 28] = true
[51, 48, 46, 43, 40, 37, 36] = true
[1, 3, 5, 7, 8, 10, 12] = true
[87, 84, 83, 81, 80, 78, 77, 76] = true
[76, 74, 71, 69, 66, 63, 61] = true
[20, 21, 23, 26, 29, 31, 33, 34] = true
[48, 47, 45, 42, 41, 40, 39] = true
[56, 53, 52, 51, 48, 45, 42, 39] = true
[31, 32, 34, 36, 39, 41] = true
[40, 37, 35, 33, 30, 27, 25, 22] = true
[76, 74, 73, 70, 68, 66] = true
[67, 64, 62, 60, 59] = true
[35, 34, 31, 28, 25, 22] = true
[93, 91, 90, 88, 85, 83, 81] = true
[7, 10, 11, 14, 16, 17, 20] = true
[37, 35, 34, 31, 28] = true
[58, 59, 60, 63, 64, 66, 68] = true
[13, 12, 11, 9, 7, 5, 4, 1] = true
[80, 77, 74, 73, 71, 68, 65, 63] = true
[93, 91, 89, 88, 87, 84, 81, 79] = true
[87, 84, 81, 78, 77, 75] = true
[70, 72, 75, 78, 80, 82, 83, 86] = true
[69, 67, 65, 63, 60, 59, 56, 53] = true
[23, 20, 17, 16, 15] = true
[64, 65, 68, 70, 71, 72] = true
[79, 80, 81, 84, 86] = true
[15, 18, 21, 23, 25, 27] = true
[39, 36, 35, 33, 30, 27, 24, 22] = true
[54, 53, 51, 50, 47] = true
[68, 67, 65, 63, 61, 59] = true
[99, 97, 95, 93, 92, 91, 88] = true
[71, 68, 65, 63, 61, 59] = true
[66, 64, 63, 60, 58, 57] = true
[51, 53, 56, 58, 61, 63] = true
[84, 87, 89, 91, 92, 95] = true
[30, 31, 34, 37, 38, 39] = true
[57, 58, 59, 61, 63, 66] = true
[62, 64, 65, 68, 70, 71, 72, 73] = true
[23, 21, 20, 17, 15, 14, 12, 11] = true
[53, 56, 58, 60, 62, 63, 64] = true
[76, 74, 72, 70, 68, 66, 64, 61] = true
[88, 85, 84, 83, 80, 78] = true
[41, 38, 37, 34, 33, 31, 29] = true
[33, 35, 37, 39, 42, 45] = true
[34, 32, 29, 26, 24] = true
[95, 93, 90, 87, 84, 82, 79, 78] = true
[21, 24, 25, 28, 31] = true
[83, 86, 88, 91, 94, 96, 98] = true
[83, 81, 79, 78, 77, 74, 71, 69] = true
[84, 83, 80, 79, 76, 75, 74] = true
[35, 32, 31, 28, 26, 23, 22, 20] = true
[48, 46, 44, 41, 38, 37] = true
[89, 91, 93, 94, 97, 99] = true
[14, 16, 17, 18, 20] = true
[23, 22, 19, 16, 13, 10] = true
[78, 80, 81, 82, 84, 85, 88] = true
[25, 23, 22, 21, 20] = true
[33, 32, 29, 28, 26, 24, 21, 19] = true
[80, 78, 76, 73, 72, 69] = true
[82, 81, 79, 78, 76, 73] = true
[54, 51, 48, 45, 44] = true
[34, 32, 29, 27, 24, 21, 19, 16] = true
[70, 69, 66, 63, 61, 58, 55, 52] = true
[29, 26, 24, 21, 18, 15, 13, 12] = true
[81, 84, 86, 87, 88, 91, 93, 94] = true
[85, 82, 79, 76, 73, 70, 68, 67] = true
[82, 81, 80, 77, 76, 75, 72] = true
[42, 39, 38, 36, 35] = true
[71, 74, 77, 80, 81, 83] = true
[32, 35, 36, 37, 40] = true
[59, 57, 54, 53, 52] = true
[36, 33, 31, 30, 27, 25, 23] = true
[89, 86, 83, 81, 79, 76, 74, 73] = true
[76, 77, 80, 83, 86, 88] = true
[72, 70, 69, 66, 65] = true
[27, 25, 24, 21, 19, 16] = true
[57, 60, 63, 66, 69, 70, 73, 75] = true
[34, 35, 36, 38, 40, 43, 46] = true
[26, 28, 29, 32, 35, 37, 38, 41] = true
[14, 12, 9, 7, 5] = true
[11, 14, 17, 18, 21, 24] = true
[47, 45, 42, 39, 36, 33] = true
[52, 55, 58, 59, 60, 63] = true
[83, 81, 80, 78, 76, 74, 71, 70] = true
[10, 11, 13, 15, 16, 17, 20, 22] = true
[67, 66, 63, 61, 58, 55] = true
[83, 86, 89, 91, 93] = true
[78, 81, 84, 87, 89] = true
[51, 49, 46, 45, 42, 40, 38] = true
[69, 66, 63, 62, 61, 60, 58] = true
[69, 70, 72, 75, 78, 80, 83] = true
[26, 29, 30, 33, 34, 35] = true
[48, 45, 43, 41, 38] = true
[76, 73, 70, 69, 67, 66] = true
[67, 70, 73, 76, 78, 81] = true
[48, 46, 43, 41, 38, 36] = true
[77, 75, 73, 70, 69] = true
[4, 6, 9, 10, 12, 14, 17, 20] = true
[21, 23, 24, 27, 29, 30, 31] = true
[77, 75, 74, 73, 70, 69, 66] = true
[18, 17, 16, 14, 12] = true
[46, 44, 41, 39, 38] = true
[29, 26, 25, 24, 21, 19] = true
[5, 7, 9, 10, 11, 12, 14, 15] = true
[67, 64, 63, 60, 57, 55, 54] = true
[26, 29, 30, 31, 33, 36, 38] = true
[27, 29, 30, 32, 35] = true
[27, 25, 23, 22, 20, 19, 16, 14] = true
[51, 53, 55, 58, 59, 60] = true
[22, 19, 17, 16, 15, 12, 11] = true
[29, 26, 23, 22, 19, 16, 14, 12] = true
[5, 7, 9, 10, 13] = true
[51, 52, 55, 56, 57, 58, 59] = true
[46, 49, 50, 53, 54, 57, 58] = true
[48, 47, 46, 45, 43, 42, 40, 37] = true
[57, 59, 61, 63, 66, 69] = true
[60, 58, 55, 53, 51, 48, 47] = true
[89, 88, 86, 85, 82, 80, 79] = true
[47, 45, 42, 41, 38, 36, 34] = true
[93, 92, 89, 86, 85, 83] = true
[46, 49, 52, 54, 55, 57, 58, 60] = true
[47, 49, 51, 54, 57, 58, 61, 62] = true
[35, 38, 41, 42, 45, 48, 49] = true
[45, 47, 49, 52, 55, 58] = true
[60, 57, 55, 52, 51, 49, 47, 44] = true
[62, 61, 58, 56, 55, 53, 50, 47] = true
[49, 47, 44, 43, 40, 39, 38, 37] = true
[56, 53, 50, 49, 48, 46, 44, 41] = true
[42, 41, 39, 37, 34, 33] = true
[57, 55, 52, 50, 47, 45] = true
[86, 83, 81, 78, 75, 73, 70] = true
[13, 12, 9, 8, 7, 4] = true
[4, 5, 6, 8, 11, 13, 16] = true
[25, 23, 22, 19, 17, 16, 14] = true
[85, 88, 89, 90, 91, 92, 93, 96] = true
[89, 88, 85, 84, 81, 79, 78] = true
[37, 39, 42, 43, 46, 49, 50] = true
[78, 76, 73, 71, 68, 67, 66] = true
[44, 45, 48, 49, 51, 54, 57] = true
[61, 60, 58, 56, 55, 54, 52, 50] = true
[13, 16, 19, 20, 23, 24] = true
[50, 47, 44, 43, 41] = true
[21, 23, 24, 27, 28, 31, 34] = true
[22, 25, 28, 31, 32] = true
[25, 26, 29, 31, 33, 35] = true
[87, 89, 91, 93, 95, 98] = true
[16, 17, 20, 21, 23, 24] = true
[71, 72, 75, 78, 80, 81] = true
[79, 82, 84, 85, 88] = true
[69, 66, 63, 60, 59, 57, 54, 53] = true
[42, 40, 39, 37, 34, 33, 30] = true
[62, 64, 67, 68, 70, 71, 74] = true
[22, 24, 27, 30, 33, 34, 35] = true
[13, 11, 10, 8, 7, 5] = true
[98, 97, 94, 92, 91, 90] = true
[24, 27, 30, 32, 34, 36, 38, 40] = true
[7, 10, 11, 12, 14, 15, 18] = true
[75, 76, 79, 80, 83, 86, 89, 90] = true
[17, 14, 12, 11, 8, 7] = true
[60, 61, 62, 64, 65, 66, 68] = true
[67, 68, 71, 72, 74] = true
[50, 53, 54, 55, 56, 58] = true
[68, 65, 64, 61, 60, 58, 55, 54] = true
[85, 84, 83, 82, 79] = true
[54, 57, 58, 60, 61] = true
[70, 71, 74, 76, 78, 81, 84, 86] = true
[28, 27, 26, 23, 22, 21] = true
[88, 90, 91, 93, 96, 99] = true
[39, 38, 37, 36, 33, 31, 30] = true
[41, 43, 44, 46, 47] = true
[70, 68, 65, 63, 60, 59, 58, 55] = true
[61, 60, 59, 57, 55, 53, 52, 49] = true
[54, 52, 51, 50, 47, 45, 44] = true
[11, 14, 15, 18, 19, 20, 21] = true
[76, 73, 70, 68, 65, 64, 61] = true
[45, 46, 49, 52, 53, 54] = true
[51, 50, 47, 44, 41] = true
[27, 29, 30, 33, 36, 38, 39] = true
[27, 25, 22, 21, 20] = true
[56, 57, 58, 60, 63, 65, 66, 67] = true
[8, 6, 5, 3, 1] = true
[51, 49, 46, 45, 42, 39, 38, 36] = true
[75, 73, 71, 68, 65] = true
[77, 78, 81, 82, 83] = true
[74, 72, 69, 68, 65, 63, 61] = true
[19, 21, 24, 25, 27] = true
[24, 26, 28, 29, 32, 33, 36, 39] = true
[57, 56, 55, 52, 49] = true
[63, 62, 59, 57, 56, 53] = true
[44, 47, 49, 51, 53, 54, 55] = true
[26, 25, 22, 19, 16] = true
[78, 76, 73, 71, 68, 66] = true
[74, 72, 69, 68, 66, 63, 60] = true
[32, 33, 35, 36, 37, 39, 40, 41] = true
[24, 26, 28, 29, 32, 35] = true
[65, 63, 62, 61, 60, 59, 56, 54] = true
[53, 50, 48, 47, 46, 43] = true
[61, 58, 56, 55, 53, 52, 51, 49] = true
[48, 46, 45, 43, 40, 38] = true
[15, 12, 11, 8, 6, 5, 4] = true
[31, 28, 26, 23, 22] = true
[54, 55, 56, 58, 60, 62, 63, 66] = true
[65, 67, 69, 72, 74, 76] = true
[46, 49, 52, 54, 56] = true
[35, 34, 32, 29, 26] = true
[12, 11, 9, 6, 4] = true
[19, 18, 16, 13, 10, 9] = true
[35, 32, 31, 30, 29] = true
[51, 53, 55, 56, 58, 60, 62] = true
[23, 20, 19, 16, 14, 11] = true
[14, 17, 18, 19, 21, 23] = true
[3, 4, 7, 9, 10, 13] = true
[37, 35, 32, 31, 28, 26, 24, 22] = true
[17, 20, 21, 23, 24, 27] = true
[37, 40, 42, 44, 47, 48, 51, 52] = true
[77, 76, 73, 71, 70, 69, 66] = true
[91, 90, 88, 87, 86, 85, 82, 80] = true
[71, 68, 65, 62, 59, 58, 57] = true
[6, 8, 10, 11, 13, 16, 17] = true
[28, 29, 31, 34, 37, 39, 41, 44] = true
[2, 5, 8, 9, 10, 13, 15] = true
[67, 65, 63, 62, 59, 56, 53, 51] = true
[5, 6, 9, 10, 13, 16, 19, 21] = true
[84, 86, 87, 90, 91, 93, 95, 97] = true
[46, 47, 49, 52, 54] = true
[74, 72, 71, 70, 69] = true
[8, 9, 11, 14, 17, 19, 20, 23] = true
[28, 25, 22, 19, 18, 16, 15] = true
[29, 30, 32, 33, 34, 36, 37, 40] = true
[73, 74, 75, 77, 79, 82] = true
[37, 36, 35, 34, 32, 30, 27] = true
[15, 16, 17, 18, 20] = true
[71, 70, 69, 66, 65, 63, 61] = true
[26, 24, 21, 18, 15] = true
[66, 69, 72, 75, 78] = true
[94, 91, 90, 89, 87, 86] = true
[46, 48, 49, 51, 52, 55, 58] = true
[27, 24, 22, 19, 17, 16, 13] = true
[65, 66, 68, 71, 73, 76, 79] = true
[59, 58, 56, 54, 53, 51] = true
[35, 36, 39, 40, 41, 43, 45] = true
[22, 25, 27, 29, 31, 34, 36, 39] = true
[33, 35, 36, 37, 38] = true
[88, 87, 86, 84, 81, 79] = true
[43, 40, 38, 35, 32, 30, 27] = true
[34, 36, 39, 40, 43, 45, 47] = true
[27, 26, 24, 23, 21, 18, 15, 14] = true
[56, 55, 54, 52, 49, 48, 45, 43] = true
[26, 27, 30, 33, 36, 39] = true
[87, 90, 92, 93, 94, 97, 98, 99] = true
[67, 66, 63, 62, 60, 58, 55] = true
[86, 84, 81, 80, 77, 75, 73] = true
[64, 61, 58, 57, 55] = true
[64, 65, 67, 70, 72, 73] = true
[86, 89, 92, 94, 96, 99] = true
[50, 47, 46, 44, 42, 39, 37, 36] = true
[77, 80, 82, 85, 87, 89] = true
[69, 66, 65, 63, 60] = true
[33, 36, 37, 39, 41, 43, 45, 46] = true
[73, 74, 75, 78, 81, 82] = true
[52, 49, 48, 45, 42, 41, 38, 35] = true
[23, 20, 19, 18, 17] = true
[34, 36, 37, 38, 41, 44] = true
[52, 54, 56, 57, 60, 62, 64, 67] = true
[15, 18, 19, 20, 23, 25] = true
[13, 12, 11, 8, 6, 3] = true
[15, 16, 18, 21, 24, 26, 27] = true
[64, 66, 69, 72, 73, 76, 79, 80] = true
[40, 41, 43, 45, 46, 48, 50, 52] = true
[24, 26, 29, 31, 33, 34, 36] = true
[52, 50, 48, 46, 44, 41, 40, 37] = true
[24, 21, 18, 15, 12, 11] = true
[77, 80, 81, 82, 84, 85, 87, 88] = true
[59, 56, 55, 54, 53] = true
[51, 50, 47, 45, 42, 40] = true
[66, 69, 70, 73, 75, 77, 79, 80] = true
[43, 46, 49, 50, 51] = true
[62, 64, 67, 69, 71, 73, 75] = true
[66, 68, 71, 74, 76, 78, 79, 80] = true
[14, 12, 9, 7, 4] = true
[26, 29, 31, 33, 36, 39] = true
[70, 71, 74, 76, 77] = true
[82, 83, 86, 89, 91, 93, 95] = true
[55, 52, 51, 49, 48] = true
[18, 17, 16, 13, 11] = true
[26, 28, 29, 32, 35, 36, 39] = true
[34, 37, 38, 41, 43, 44, 47, 48] = true
[61, 64, 65, 68, 69, 71, 73] = true
[84, 86, 88, 90, 93] = true
[52, 55, 56, 59, 61, 64, 65, 68] = true
[16, 18, 21, 23, 26, 28, 30, 32] = true
[9, 12, 13, 16, 18] = true
[20, 21, 23, 26, 28, 29, 30, 33] = true
[89, 88, 85, 84, 83, 80, 78, 76] = true
[71, 70, 67, 65, 62] = true
[36, 34, 32, 29, 27, 25] = true
[86, 84, 82, 81, 78, 77] = true
[36, 39, 40, 43, 45, 47, 48] = true
[80, 77, 76, 73, 72, 71] = true
[24, 21, 20, 19, 17, 14, 12, 9] = true
[39, 37, 35, 34, 33, 30, 27] = true
[44, 47, 50, 51, 53, 56, 58, 61] = true
[66, 64, 62, 59, 58, 56, 53, 50] = true
[62, 60, 58, 56, 55, 52] = true
[67, 69, 72, 75, 77] = true
[62, 64, 66, 67, 68, 69, 70, 73] = true
[41, 43, 45, 48, 51] = true
[40, 42, 43, 45, 47] = true
[33, 35, 37, 38, 40, 41] = true
[17, 18, 20, 23, 24, 25, 28, 30] = true
[16, 17, 19, 21, 23] = true
[57, 59, 61, 64, 66, 68, 69, 72] = true
[99, 96, 94, 93, 90] = true
[76, 77, 80, 81, 82, 83, 85] = true
[21, 19, 17, 15, 12, 11] = true
[65, 68, 71, 73, 76, 79] = true
[7, 10, 11, 14, 17, 20, 21] = true
[80, 79, 76, 73, 70] = true
[76, 79, 81, 83, 84, 87, 89] = true
[82, 81, 79, 76, 75] = true
[50, 47, 45, 44, 43, 42, 40] = true
[97, 95, 93, 91, 89, 86, 83] = true
[88, 89, 91, 93, 95, 96] = true
[13, 11, 9, 7, 6, 3, 2] = true
[74, 76, 79, 82, 85, 87, 90, 93] = true
[93, 90, 88, 87, 85] = true
[51, 49, 46, 44, 43, 40, 39] = true
[6, 7, 10, 13, 16, 17, 20] = true
[77, 75, 73, 70, 69, 66, 64, 63] = true
[30, 33, 34, 35, 38] = true
[49, 51, 52, 54, 56] = true
[22, 24, 25, 28, 30] = true
[18, 19, 22, 24, 27, 30, 33, 35] = true
[83, 84, 87, 89, 92] = true
[32, 35, 36, 37, 40, 43] = true
[18, 17, 16, 14, 13, 10, 9] = true
[53, 51, 49, 46, 45, 42] = true
[64, 65, 68, 70, 72] = true
[72, 69, 68, 65, 64] = true
[55, 53, 50, 49, 46, 43, 42, 39] = true
[53, 52, 50, 48, 45, 42, 39] = true
[71, 73, 75, 78, 81] = true
[83, 85, 86, 89, 91, 94] = true
[84, 85, 87, 89, 92, 93] = true
[27, 24, 23, 22, 19, 18] = true
[19, 22, 24, 26, 27] = true
[58, 57, 56, 55, 52, 49, 47] = true
[80, 79, 76, 75, 74] = true
[89, 86, 83, 80, 77, 74] = true
[18, 20, 21, 22, 25] = true
[30, 29, 27, 26, 24] = true
[79, 80, 81, 82, 83, 86, 88] = true
[83, 81, 78, 77, 76, 73, 71] = true
[7, 8, 11, 13, 16] = true
[28, 27, 26, 25, 22] = true
[27, 30, 31, 32, 34, 37] = true
[87, 86, 83, 81, 80, 79, 78, 75] = true
[19, 21, 23, 26, 27, 30, 32] = true
[38, 40, 43, 45, 48, 51, 52, 55] = true
[1, 2, 3, 5, 6, 8, 10] = true
[24, 21, 19, 16, 14] = true
[61, 59, 56, 54, 52, 51, 49, 48] = true
[39, 37, 34, 32, 30, 27, 24] = true
[41, 43, 44, 45, 47] = true
[86, 85, 84, 81, 80, 79, 76, 74] = true
[38, 41, 44, 45, 46, 49, 51] = true
[50, 53, 54, 57, 58, 59, 62, 65] = true
[88, 89, 90, 91, 94, 95, 98, 99] = true
[73, 76, 78, 81, 83, 85] = true
[34, 35, 36, 39, 41, 42] = true
[26, 29, 30, 33, 34] = true
[49, 46, 44, 41, 40] = true
[66, 69, 70, 73, 75, 76, 77, 78] = true
[31, 34, 37, 38, 39, 41] = true
[58, 60, 63, 65, 66, 68] = true
[75, 73, 72, 71, 70, 69, 66, 63] = true
[68, 71, 73, 76, 79, 81] = true
[50, 52, 55, 56, 57, 58, 61, 64] = true
[98, 95, 94, 93, 90] = true
[40, 37, 34, 32, 30] = true
[73, 76, 77, 80, 81, 84, 85] = true
[65, 64, 63, 61, 59, 58] = true
[52, 53, 55, 57, 58, 60, 61, 63] = true
[66, 69, 72, 73, 74, 77] = true
[77, 76, 73, 71, 68, 67, 66, 63] = true
[20, 17, 15, 14, 12, 10, 8] = true
[69, 67, 65, 63, 62, 61, 59, 56] = true
[89, 86, 84, 82, 80] = true
[46, 47, 48, 51, 53, 54, 56] = true
[72, 69, 68, 65, 64, 61, 59, 56] = true
[33, 35, 37, 40, 43, 46, 48] = true
[62, 60, 58, 56, 55, 54, 53, 50] = true
[99, 97, 96, 93, 92, 90, 88] = true
[39, 42, 45, 47, 48, 51] = true
[74, 75, 76, 79, 81, 82, 83, 86] = true
[64, 66, 67, 69, 72] = true
[38, 35, 34, 33, 30] = true
[19, 16, 14, 11, 9, 7, 6, 5] = true
[66, 65, 62, 60, 57, 55] = true
[34, 32, 31, 30, 27] = true
[76, 75, 74, 73, 71] = true
[29, 30, 33, 34, 36, 38] = true
[33, 36, 39, 41, 44] = true
[25, 26, 28, 29, 31, 33, 36] = true
[13, 11, 8, 7, 6, 4] = true
[94, 92, 89, 86, 84, 82] = true
[54, 51, 50, 49, 46, 44, 43, 41] = true
[2, 3, 5, 8, 11, 12, 15] = true
[30, 31, 34, 36, 38] = true
[20, 23, 26, 29, 30, 32, 35, 36] = true
[61, 64, 65, 68, 71] = true
[51, 54, 57, 60, 63] = true
[21, 22, 23, 26, 27, 30, 33, 35] = true
[17, 20, 22, 25, 28, 29] = true
[44, 42, 39, 36, 34, 31, 30, 29] = true
[27, 24, 21, 20, 19, 17] = true
[32, 30, 29, 28, 26, 24, 21, 19] = true
[44, 45, 48, 50, 53, 54, 56] = true
[89, 86, 83, 81, 80, 78, 75, 72] = true
[70, 67, 64, 63, 62, 60] = true
[52, 53, 54, 57, 59] = true
[27, 29, 32, 33, 36, 39, 40, 42] = true
[32, 34, 35, 36, 39, 42, 45, 48] = true
[61, 64, 66, 68, 71, 72, 74] = true
[33, 30, 28, 27, 24, 23, 20] = true
[31, 29, 27, 24, 21, 19] = true
[21, 20, 19, 17, 15, 12] = true
[42, 44, 47, 50, 53, 55, 56] = true
[77, 79, 80, 83, 86, 87, 88, 91] = true
[37, 36, 33, 31, 30, 28, 27, 24] = true
[13, 16, 19, 22, 25, 26, 29] = true
[35, 34, 33, 32, 29, 27, 25] = true
[50, 52, 53, 56, 57, 59] = true
[77, 74, 72, 70, 69, 68, 65] = true
[88, 91, 92, 93, 96] = true
[76, 78, 81, 82, 83] = true
[64, 66, 68, 69, 70, 73, 74, 75] = true
[68, 67, 66, 65, 62, 60, 58] = true
[57, 56, 55, 52, 50, 48, 46] = true
[61, 59, 58, 56, 53] = true
[15, 12, 9, 6, 5, 3] = true
[70, 68, 66, 64, 61, 60, 57, 54] = true
[75, 78, 81, 83, 84, 85, 87] = true
[24, 26, 27, 29, 30, 31, 34, 36] = true
[53, 56, 59, 60, 63, 66] = true
[1, 3, 5, 7, 8, 9] = true
[89, 87, 84, 82, 79, 78, 76, 75] = true
[30, 27, 25, 22, 21] = true
[37, 36, 34, 31, 30, 29] = true
[19, 18, 15, 12, 11, 8, 7, 6] = true
[60, 58, 55, 54, 52, 50, 48] = true
[7, 8, 9, 12, 15, 17] = true
[89, 90, 93, 94, 96] = true
[27, 24, 23, 22, 21, 19, 17, 16] = true
[22, 20, 19, 18, 15, 14, 12] = true
[85, 86, 88, 90, 92, 95, 96] = true
[38, 39, 40, 42, 45] = true
[24, 25, 28, 31, 33, 34] = true
[70, 69, 68, 67, 65, 63, 62] = true
[15, 13, 12, 9, 7, 4, 2] = true
[49, 48, 45, 42, 41] = true
[57, 60, 62, 63, 66, 68] = true
[31, 34, 37, 38, 40] = true
[27, 28, 29, 30, 33, 36] = true
[36, 34, 31, 30, 29, 28, 27] = true
[53, 51, 49, 46, 43] = true
[95, 92, 90, 88, 85, 83] = true
[74, 73, 72, 70, 67, 64] = true
[23, 20, 17, 16, 14, 13] = true
[95, 92, 89, 87, 85, 82, 81, 79] = true
[36, 35, 34, 32, 31, 30, 29] = true
[50, 52, 54, 57, 60, 63, 64] = true
[58, 61, 62, 63, 64, 65, 68, 70] = true
[39, 40, 42, 43, 45, 48, 51] = true
[85, 84, 81, 79, 77, 74] = true
[45, 46, 47, 49, 52] = true
[15, 16, 17, 20, 21, 22] = true
[86, 83, 80, 78, 76, 73, 70, 68] = true
[51, 54, 57, 59, 62] = true
[71, 73, 76, 77, 79, 80] = true
[68, 69, 72, 74, 77, 78, 79, 81] = true
[13, 11, 8, 6, 5, 3] = true
[50, 52, 53, 56, 57, 59, 60] = true
[60, 62, 64, 66, 69] = true
[80, 83, 84, 86, 88] = true
[8, 10, 11, 14, 16] = true
[43, 46, 47, 50, 53, 56] = true
[55, 54, 51, 50, 48, 45, 43] = true
[66, 68, 71, 74, 75] = true
[84, 86, 87, 88, 90, 93] = true
[38, 37, 36, 33, 30, 27, 26] = true
[29, 31, 34, 37, 39] = true
[12, 10, 9, 6, 4] = true
[72, 69, 67, 65, 63, 62] = true
[23, 25, 26, 29, 30, 32] = true
[70, 71, 74, 77, 80, 81, 84, 87] = true
562
